1;449;245;0.0055302869726612585
2;329;45;0.0014065880704743144
3;203;110;6.257028048471124E-4
4;266;465;0.0015521191964553433
5;129;128;3.651369606073534E-4
6;131;130;1.1704699910841075E-4
7;133;132;0.0013847779605406538
8;135;134;7.368106948204811E-4
9;137;136;2.463432564425059E-4
10;139;138;0.0013787780822139299
11;80;140;0.0037094573727149737
12;142;141;0.004253414745831916
13;144;143;1.352479204929756E-4
14;145;143;7.528678502880126E-4
15;27;134;0.006543821895496223
16;33;146;0.0010135284899827602
17;148;147;0.005832300146590741
18;150;149;8.651317818601758E-4
19;152;151;5.996965899534364E-4
20;153;113;0.002572163486251097
21;155;154;0.00199205622411534
22;156;89;0.0021637534517522775
23;158;157;1.7836199146591364E-4
24;160;159;0.0010538334783046727
25;88;161;8.770860847191222E-4
26;162;57;0.002989353441801053
27;164;163;0.0029384744341265537
28;165;55;5.062054918764171E-4
29;163;165;0.0013639332828246455
30;167;166;7.557737756757929E-4
31;169;168;1.7661823235258573E-4
32;171;170;0.0017520102739386769
33;172;61;3.404717315715437E-4
34;132;131;6.497907355509998E-4
35;173;30;0.0010920407501526265
36;56;174;6.753169626117939E-4
37;176;175;4.609642068562698E-4
38;178;177;7.042648649482311E-4
39;179;178;0.00198934486703618
40;181;180;0.0027504985002792803
41;183;182;7.320983540474592E-4
42;185;184;0.0012718804975379934
43;187;186;0.003581590289235119
44;189;188;6.911584477558067E-5
45;191;190;0.0013593413846443077
46;193;192;0.006068920497086324
47;101;194;0.002505160274323268
48;105;195;0.0034268428618785826
49;197;196;0.0011154035144327254
50;199;198;2.7280945730742576E-4
51;201;200;4.100000001017179E-5
52;202;69;0.0049735975912891875
53;203;155;7.372285941278054E-4
54;112;204;0.010418084660806525
55;205;77;1.0696261028336671E-4
56;207;206;0.0018586231463160973
57;209;208;8.261961026329553E-4
58;7;129;1.2903487900678415E-4
59;58;210;0.0010390173242116854
60;212;211;3.1780497163273634E-5
61;172;213;0.006281005094731722
62;215;214;7.960157033638302E-4
63;217;216;0.0018230274271094364
64;219;218;0.002198801491722038
65;221;220;0.0014093122436100191
66;220;219;0.0010213569405453458
67;222;185;0.004106531870078217
68;224;223;1.0089598603677914E-4
69;198;225;0.002694605351439538
70;145;23;4.301534609904303E-4
71;227;226;2.3038446128410858E-4
72;229;228;4.07305781941968E-4
73;151;230;5.8412327465021674E-5
74;114;231;0.0011264120027837617
75;233;232;1.402069898391838E-4
76;47;234;7.14557905282116E-4
77;235;6;0.0012240036764585183
78;237;236;9.400191487410655E-4
79;239;238;3.180770346873662E-4
80;240;169;5.305883526855098E-4
81;242;241;4.923921201670151E-4
82;166;242;0.0026201931226488293
83;243;176;0.0016586379954588845
84;244;183;5.430000000075097E-4
85;196;245;3.1940569813352195E-4
86;246;135;0.001935210582861996
87;248;247;6.538264295667814E-4
88;250;249;5.450009174328825E-4
89;252;251;6.186153894050471E-4
90;251;67;0.0019641201592527353
91;37;253;5.969154043863943E-4
92;74;254;0.0019284854160670434
93;255;244;2.9006206231722945E-4
94;256;133;1.1322543883502771E-4
95;81;257;0.0031162214298684978
96;259;258;0.0013126736075746842
97;261;260;0.0010514180900100848
98;223;262;8.514657949752891E-4
99;264;263;0.006335242694639399
100;266;265;0.001835792199566681
101;267;160;1.5096025967462195E-4
102;269;268;0.0012881308163375917
103;271;270;0.009000432045191355
104;93;272;0.0060704288151700375
105;274;273;0.001217294130437038
106;276;275;0.0016791941519659675
107;277;94;0.007122467269134635
108;270;278;8.883878657377049E-4
109;280;279;0.0021760482531400327
110;282;281;5.313765143493891E-4
111;283;282;0.0026412506507314643
112;284;246;6.963476143477743E-5
113;285;267;5.376402142602194E-4
114;287;286;1.1988744721508366E-4
115;124;201;0.001962000254833786
116;289;288;8.299999998939711E-5
117;128;290;0.0015012398209409124
118;53;291;1.0084145973081656E-4
119;293;292;8.936582120683438E-4
120;294;293;4.3600458709683E-5
121;295;240;1.5028306624315527E-4
122;297;296;6.423433661119242E-4
123;299;298;0.0010782768661212723
124;300;274;7.839623715519454E-4
125;301;24;0.0021177632067790057
126;303;302;2.0131567252359552E-4
127;305;304;0.0019606146995171324
128;307;306;0.0016871434438166548
129;309;308;8.451585650048021E-4
130;9;310;0.0023974206973346
131;311;222;3.184226750746249E-4
132;312;309;0.0012064000165742164
133;313;312;0.005639099218847107
134;161;212;2.9482198018315623E-4
135;247;314;0.0012851556325959538
136;316;315;0.0021560447583516057
137;154;317;0.0014947618539371667
138;214;318;0.00469980446401547
139;319;199;0.001069506895722288
140;216;320;0.00401533672311801
141;322;321;0.003058439634841281
142;323;26;0.0010026051067162363
143;177;324;0.0023788671673766
144;325;31;6.047354793664169E-4
145;326;36;0.0014552295351561836
146;304;42;0.002464284480336716
147;328;327;0.0016248870729947983
148;329;44;0.0016810145745989867
149;331;330;0.0023009965232494915
150;332;152;9.660745313129195E-5
151;333;271;0.002509071939984408
152;51;239;7.600000000707041E-5
153;334;234;6.110818275734155E-4
154;336;335;2.886173937947177E-4
155;338;337;0.0067639563126926806
156;211;173;4.867288773094826E-4
157;257;339;9.457801013082707E-5
158;339;340;1.1765202929743766E-4
159;342;341;7.308139298027482E-4
160;68;294;2.2168671589513093E-4
161;327;343;7.304608134651865E-4
162;254;202;1.1287160846970333E-4
163;344;255;9.400047872217918E-4
164;302;345;0.003305425388661145
165;347;346;0.0030955201501531885
166;349;348;0.0031114549651226073
167;288;350;7.200000000295859E-5
168;352;351;1.1315917991992328E-4
169;351;84;9.646242792030257E-5
170;298;353;0.0010098876175075823
171;85;298;0.0024718141111287678
172;159;269;4.2216702855542044E-4
173;355;354;8.817085686353038E-4
174;357;356;0.0013044002453218937
175;359;358;0.004370343693579055
176;337;358;0.0014363732105562917
177;104;360;2.8101601378177936E-4
178;362;361;1.5931415505367945E-4
179;363;171;8.481326547234538E-4
180;265;97;0.0017804819572261172
181;365;364;0.001403687287107128
182;366;283;4.511341263987882E-4
183;228;367;0.001125637597090392
184;146;285;0.0010920407501536253
185;369;368;0.003833907927947975
186;371;370;9.148464352041374E-4
187;372;295;2.537124356482324E-4
188;253;287;8.683893136689683E-5
189;374;373;4.220959606538352E-4
190;296;299;0.0015874974015718211
191;375;162;0.0013936674639176184
192;377;376;1.1825819209651272E-4
193;379;378;4.86190291961551E-4
194;29;325;4.698478477171129E-4
195;380;217;0.0037085684569669233
196;382;381;0.004437983776443813
197;144;227;0.002571913295588198
198;226;383;0.0025393174279703112
199;385;384;0.002751838658065024
200;386;28;0.006071284872249716
201;367;387;5.17041584399691E-4
202;389;388;7.37488982971668E-4
203;43;150;3.469538874298037E-4
204;390;332;1.0804628637109473E-4
205;333;391;2.970605998673015E-4
206;393;392;0.001056004261360534
207;394;52;0.0019220842853602876
208;395;394;9.510131439686325E-4
209;396;120;2.024178845870903E-4
210;356;397;0.001425388368131452
211;398;377;2.297302766284623E-4
212;399;158;0.0012214679692867496
213;346;22;0.0029618105948902014
214;167;240;1.9992248497908302E-4
215;170;400;0.0015470000000021855
216;401;207;0.001119225625149647
217;403;402;0.0014950334444357228
218;405;404;8.093305875789118E-4
219;407;406;1.9760819820612328E-4
220;408;349;0.0029998136608791735
221;210;250;3.001066477062225E-4
222;118;409;7.628767921488567E-4
223;230;410;0.0015831159148984965
224;241;411;6.166011676948696E-4
225;412;179;4.7097876809986983E-4
226;35;342;0.001966956023919424
227;182;395;0.0015400467525285284
228;25;413;0.001063221989996894
229;194;319;0.0027730403891731885
230;258;414;0.0031632856336349323
231;415;73;0.006492065926961572
232;381;224;4.5661581225748675E-4
233;407;315;3.2433624527654484E-4
234;388;416;0.001318329245677986
235;417;156;0.0010029042825779693
236;206;418;0.0030137831706975563
237;95;338;0.0011123200978116984
238;360;419;8.080649726338547E-4
239;192;405;0.003282399122595127
240;420;380;8.588859062765776E-4
241;99;153;0.0018333938474767808
242;281;421;0.0015262568591148152
243;324;197;8.049875775352933E-4
244;295;167;1.389244398973709E-4
245;422;331;0.00198404939453952
246;423;377;0.0010993075092948367
247;291;423;0.001763964852262679
248;373;109;3.83005221895865E-4
249;424;75;0.0012869320106432263
250;425;403;0.001588529193942782
251;66;303;9.812176109209076E-4
252;174;326;7.064736371608216E-4
253;208;426;6.940720423659913E-4
254;427;398;4.13400532152542E-5
255;424;428;4.848762728688315E-4
256;430;429;3.21622449463319E-4
257;431;17;2.120094337535322E-4
258;78;347;3.03871683444239E-4
259;432;139;2.330085835344425E-4
260;433;432;0.0041694512828429845
261;364;434;0.0012665563548520976
262;321;435;0.0014145055673321833
263;107;436;0.002886555213399797
264;438;437;8.093732142831295E-4
265;437;301;0.0014679226818834583
266;439;386;0.0018673028677707807
267;440;14;0.0012093192299804836
268;441;389;0.0012527366043986533
269;268;442;0.0035930801549714955
270;444;443;1.8318296864082523E-4
271;410;445;3.383784863167112E-4
272;445;305;3.244996147922837E-4
273;446;378;3.1990154735966707E-4
274;236;393;0.0019759999999990896
275;238;396;7.719999999977745E-4
276;231;148;0.0012566005729715214
277;188;90;0.0021505929414951707
278;157;323;4.796050458448916E-4
279;447;385;0.003897929322083439
280;418;408;2.9361369178545994E-4
281;448;59;0.0013690032870637525
282;443;357;2.3928226010232765E-4
283;413;449;0.002211323811653201
284;450;102;0.006097492353418655
285;64;451;0.0015553112228746744
286;452;252;9.300537619105305E-5
287;453;369;6.506320004536475E-4
288;455;454;5.051425541358205E-4
289;54;456;1.7214238293389859E-4
290;314;300;1.1669190203689216E-4
291;318;457;0.002370317489286542
292;138;79;0.0015107312798769213
293;60;415;0.0032289349637340116
294;459;458;0.004499144029700748
295;350;334;0.00138702307119342
296;184;460;0.0031667214907529877
297;232;425;0.002876925094607942
298;419;461;1.2256018929156627E-4
299;462;248;7.515317691255537E-4
300;464;463;0.00760522136429102
301;273;465;0.0018080846219099551
302;466;276;0.0013464252671501263
303;467;391;0.011035152423059238
304;361;468;2.021583537736579E-4
305;421;106;0.0012917387506777482
306;469;366;0.002940134010551604
307;442;82;0.0023657966945656783
308;180;372;9.007202673332289E-4
309;372;453;0.0031063916366092805
310;470;289;0.0019220260143996317
311;471;295;5.591582960142959E-4
312;472;205;0.0014126075180302098
313;353;466;0.0015412348944897941
314;473;297;0.0023731923647253377
315;272;444;0.0031692424962448435
316;474;46;0.00694270588459364
317;475;374;0.0016820145659322
318;32;375;0.004345043152836983
319;477;476;1.4301398532685135E-4
320;478;470;0.0020980467106371976
321;479;71;7.870006353262957E-4
322;377;137;9.298698833737727E-4
323;376;379;5.782335168507569E-4
324;128;427;0.0011121730980456902
325;310;12;6.568043848806661E-4
326;463;430;2.3078344828264324E-4
327;404;429;0.005836187882522317
328;480;248;1.1447707194412927E-4
329;218;481;0.004082884397087545
330;457;455;0.0051887537039264665
331;317;209;0.002033426664516981
332;140;433;8.63071839421121E-4
333;482;469;0.0012124363900815542
334;434;322;0.0016845569150366734
335;435;10;0.003927369603182831
336;141;382;1.266056870740318E-4
337;387;452;0.0026499222630114246
338;290;54;4.624326978048279E-4
339;249;483;7.24000690598472E-4
340;330;40;2.1181595785766435E-4
341;130;401;1.0153324578433182E-4
342;402;480;9.67677632222091E-5
343;306;127;9.119758768495868E-5
344;186;336;0.0026223539044156552
345;87;484;0.0013450936770425265
346;411;243;9.31933474032725E-5
347;451;485;1.1999999999900979E-4
348;486;65;8.607729085003226E-4
349;487;277;2.547959968337367E-4
350;213;487;2.980268444285503E-4
351;13;488;2.518571023405947E-4
352;488;117;1.812456896014086E-4
353;456;235;0.0013450628238121742
354;400;344;1.2800000000368073E-4
355;384;63;9.633571507995516E-4
356;489;259;0.003995162324610973
357;262;261;0.0024233936947965365
358;490;181;4.334016612733141E-4
359;416;491;0.001010772476864369
360;265;189;0.0015353765010578133
361;492;284;0.0010474106167040727
362;147;464;0.006138689436686522
363;355;98;0.006060710931903252
364;190;417;7.429434702583516E-4
365;461;462;0.0012512881362808752
366;436;229;6.95731269961123E-4
367;335;233;3.1876323502657276E-4
368;493;362;1.12805141725144E-4
369;464;94;3.944578557969615E-4
370;383;439;0.0020417406789295742
371;292;136;0.0018704162638357058
372;448;494;0.0016831072455430938
373;131;472;5.777586001116069E-4
374;76;473;2.030664915811903E-4
375;275;256;7.801416538004032E-4
376;1;475;4.953645122542182E-4
377;3;477;9.250135134099732E-4
378;476;478;0.0011371270817282745
379;308;428;0.0010664000187602175
380;11;311;5.010039919963536E-4
381;263;440;8.41841434000794E-4
382;495;215;2.1402102700416516E-4
383;481;20;0.0021270601778056587
384;496;221;0.0012300544703434755
385;414;496;0.001574238228477712
386;225;142;0.002723806894772177
387;484;441;0.0015565738016499605
388;368;119;0.0014874219307175961
389;426;121;0.0012170102711263617
390;149;328;0.0014141032494238148
391;200;422;9.100549433725985E-5
392;483;237;0.001547026179483334
393;126;446;8.321352053486399E-4
394;492;399;0.0029114673276594916
395;345;497;0.0011506472091783104
396;409;164;0.0021518447899372024
397;264;458;0.006820526959115195
398;168;459;1.2522779244418563E-4
399;175;498;8.30737624046134E-4
400;286;486;4.495297542975851E-4
401;498;499;2.2275098203398735E-4
402;499;390;2.3577955806796075E-4
403;340;412;0.0011520225692286884
404;485;490;5.570008976645092E-4
405;343;111;9.244003461652629E-4
406;70;500;2.1600925905549388E-4
407;500;307;4.94025302999012E-4
408;454;193;3.4853981121422424E-4
409;260;489;0.00132883783811256
410;392;479;3.800013157799179E-4
411;341;371;0.0012317183119516834
412;460;438;2.5066710993055185E-4
413;497;491;1.2224974437758732E-4
414;406;447;9.863792374172238E-4
415;98;464;1.1604309544423265E-4
416;354;191;0.005207007777973377
417;278;187;1.9916073911235336E-4
418;397;359;9.523738761639478E-4
419;95;493;0.0036879029271399666
420;370;471;3.038420642315771E-4
421;195;420;9.779458062685693E-4
422;348;103;2.221823575303489E-4
423;320;280;0.004067899335035321
424;279;365;9.950125627407576E-4
425;316;450;0.006521736348552585
426;245;449;0.0055302869726612585
427;45;329;0.0014065880704743144
428;110;203;6.257028048471124E-4
429;465;266;0.0015521191964553433
430;1;501;1.03519321862404E-4
431;501;2;1.035193218766122E-4
432;2;501;1.035193218766122E-4
433;501;1;1.03519321862404E-4
434;3;502;5.970134001836932E-4
435;502;4;5.970134001836932E-4
436;4;502;5.970134001836932E-4
437;502;3;5.970134001836932E-4
438;5;503;0.0011195027914227512
439;503;6;0.001119502791422759
440;6;503;0.001119502791422759
441;503;5;0.0011195027914227512
442;7;504;0.0014786578373589092
443;504;8;0.0014786578373731042
444;8;504;0.0014786578373731042
445;504;7;0.0014786578373589092
446;9;505;0.0011993586827929086
447;505;10;0.001199358682799424
448;10;505;0.001199358682799424
449;505;9;0.0011993586827929086
450;11;506;7.955658363714962E-5
451;506;12;7.955658363467119E-5
452;12;506;7.955658363467119E-5
453;506;11;7.955658363714962E-5
454;13;507;5.231665604784894E-4
455;507;14;5.23166560474931E-4
456;14;507;5.23166560474931E-4
457;507;13;5.231665604784894E-4
458;15;508;0.0023973286174420894
459;508;16;0.0023973286174420894
460;16;508;0.0023973286174420894
461;508;15;0.0023973286174420894
462;17;509;0.0028284087841024485
463;509;18;0.0028284087841056863
464;18;509;0.0028284087841056863
465;509;17;0.0028284087841024485
466;19;510;9.760564789000749E-4
467;510;20;9.760564788965224E-4
468;20;510;9.760564788965224E-4
469;510;19;9.760564789000749E-4
470;21;511;5.885968484426355E-4
471;511;22;5.885968484461847E-4
472;22;511;5.885968484461847E-4
473;511;21;5.885968484426355E-4
474;23;512;3.3797817977275285E-4
475;512;24;3.3797817977275285E-4
476;24;512;3.3797817977275285E-4
477;512;23;3.3797817977275285E-4
478;25;513;4.0520149308154125E-4
479;513;26;4.0520149308437763E-4
480;26;513;4.0520149308437763E-4
481;513;25;4.0520149308154125E-4
482;27;514;1.81176709262533E-5
483;514;28;1.8117670939489445E-5
484;28;514;1.8117670939489445E-5
485;514;27;1.81176709262533E-5
486;29;515;5.067923637862912E-4
487;515;30;5.067923637989901E-4
488;30;515;5.067923637989901E-4
489;515;29;5.067923637862912E-4
490;31;516;2.0886598565356436E-5
491;516;32;2.0886598578623875E-5
492;32;516;2.0886598578623875E-5
493;516;31;2.0886598565356436E-5
494;33;517;5.180407802461417E-4
495;517;34;5.180407802461417E-4
496;34;517;5.180407802461417E-4
497;517;33;5.180407802461417E-4
498;35;518;8.93503777281028E-4
499;518;36;8.935037772677476E-4
500;36;518;8.935037772677476E-4
501;518;35;8.93503777281028E-4
502;37;519;3.121297806429554E-5
503;519;38;3.121297807590536E-5
504;38;519;3.121297807590536E-5
505;519;37;3.121297806429554E-5
506;39;520;0.0011669554404480724
507;520;40;0.0011669554404499967
508;40;520;0.0011669554404499967
509;520;39;0.0011669554404480724
510;41;521;1.8050277005576392E-4
511;521;42;1.8050277006796697E-4
512;42;521;1.8050277006796697E-4
513;521;41;1.8050277005576392E-4
514;43;522;9.645279933758714E-4
515;522;44;9.645279933662302E-4
516;44;522;9.645279933662302E-4
517;522;43;9.645279933758714E-4
518;45;523;0.0010304034404057878
519;523;46;0.0010304034404057878
520;46;523;0.0010304034404057878
521;523;45;0.0010304034404057878
522;47;524;7.754935525203882E-4
523;524;48;7.754935525203882E-4
524;48;524;7.754935525203882E-4
525;524;47;7.754935525203882E-4
526;49;525;2.995413160095638E-4
527;525;50;2.995413160095638E-4
528;50;525;2.995413160095638E-4
529;525;49;2.995413160095638E-4
530;51;526;5.526196702954786E-4
531;526;52;5.526196702955525E-4
532;52;526;5.526196702955525E-4
533;526;51;5.526196702954786E-4
534;53;527;1.518230878393947E-4
535;527;54;1.518230878253077E-4
536;54;527;1.518230878253077E-4
537;527;53;1.518230878393947E-4
538;34;528;0.0019679942200196395
539;528;55;0.001967994220005018
540;55;528;0.001967994220005018
541;528;34;0.0019679942200196395
542;56;529;0.0010785416079214787
543;529;57;0.00107854160790825
544;57;529;0.00107854160790825
545;529;56;0.0010785416079214787
546;58;530;1.3249999999231932E-4
547;530;59;1.3250000000653017E-4
548;59;530;1.3250000000653017E-4
549;530;58;1.3249999999231932E-4
550;60;531;2.241294268882369E-4
551;531;61;2.2412942689426036E-4
552;61;531;2.2412942689426036E-4
553;531;60;2.241294268882369E-4
554;62;532;0.0011393105371201976
555;532;63;0.0011393105371230304
556;63;532;0.0011393105371230304
557;532;62;0.0011393105371201976
558;64;533;2.6047696635080037E-4
559;533;65;2.604769663528258E-4
560;65;533;2.604769663528258E-4
561;533;64;2.6047696635080037E-4
562;66;534;2.3584952831011817E-4
563;534;67;2.358495282974046E-4
564;67;534;2.358495282974046E-4
565;534;66;2.3584952831011817E-4
566;68;535;3.681253183339269E-4
567;535;69;3.6812531833211253E-4
568;69;535;3.6812531833211253E-4
569;535;68;3.681253183339269E-4
570;70;536;2.865109072981555E-4
571;536;71;2.865109072981245E-4
572;71;536;2.865109072981245E-4
573;536;70;2.865109072981555E-4
574;72;537;1.8232114523466787E-4
575;537;73;1.8232114523466787E-4
576;73;537;1.8232114523466787E-4
577;537;72;1.8232114523466787E-4
578;74;538;1.2814249880555896E-4
579;538;75;1.281424988077631E-4
580;75;538;1.281424988077631E-4
581;538;74;1.2814249880555896E-4
582;76;539;2.7859872577117793E-4
583;539;77;2.7859872577210243E-4
584;77;539;2.7859872577210243E-4
585;539;76;2.7859872577117793E-4
586;78;540;7.688200374612247E-4
587;540;79;7.688200374605685E-4
588;79;540;7.688200374605685E-4
589;540;78;7.688200374612247E-4
590;80;541;9.110111140909639E-4
591;541;19;9.110111140945867E-4
592;19;541;9.110111140945867E-4
593;541;80;9.110111140909639E-4
594;81;542;6.218183014307055E-4
595;542;82;6.218183014413839E-4
596;82;542;6.218183014413839E-4
597;542;81;6.218183014307055E-4
598;83;543;4.190763653321924E-5
599;543;84;4.190763653321924E-5
600;84;543;4.190763653321924E-5
601;543;83;4.190763653321924E-5
602;85;544;1.7218086420556987E-4
603;544;86;1.7218086421984832E-4
604;86;544;1.7218086421984832E-4
605;544;85;1.7218086420556987E-4
606;87;545;2.112593193146512E-4
607;545;88;2.1125931931581998E-4
608;88;545;2.1125931931581998E-4
609;545;87;2.112593193146512E-4
610;89;546;3.5709522539921365E-4
611;546;90;3.5709522539921365E-4
612;90;546;3.5709522539921365E-4
613;546;89;3.5709522539921365E-4
614;91;547;2.1865269264799517E-4
615;547;92;2.1865269263681642E-4
616;92;547;2.1865269263681642E-4
617;547;91;2.1865269264799517E-4
618;93;548;7.427651041727613E-5
619;548;94;7.427651041727613E-5
620;94;548;7.427651041727613E-5
621;548;93;7.427651041727613E-5
622;95;549;0.002044325866882671
623;549;83;0.002044325866882925
624;83;549;0.002044325866882925
625;549;95;0.002044325866882671
626;96;550;7.599600318497844E-4
627;550;97;7.599600318351473E-4
628;97;550;7.599600318351473E-4
629;550;96;7.599600318497844E-4
630;93;551;1.855107813584495E-4
631;551;98;1.855107813584495E-4
632;98;551;1.855107813584495E-4
633;551;93;1.855107813584495E-4
634;99;552;0.003787230287433449
635;552;100;0.003787230287419372
636;100;552;0.003787230287419372
637;552;99;0.003787230287433449
638;101;553;0.001943023738916212
639;553;102;0.0019430237389139384
640;102;553;0.0019430237389139384
641;553;101;0.001943023738916212
642;100;554;4.464554849071864E-4
643;554;103;4.4645548490526466E-4
644;103;554;4.4645548490526466E-4
645;554;100;4.464554849071864E-4
646;104;555;0.0013726606463307566
647;555;96;0.0013726606463429236
648;96;555;0.0013726606463429236
649;555;104;0.0013726606463307566
650;105;556;6.914119611325984E-4
651;556;106;6.914119611354168E-4
652;106;556;6.914119611354168E-4
653;556;105;6.914119611325984E-4
654;107;557;0.0010775149651006091
655;557;108;0.001077514965086898
656;108;557;0.001077514965086898
657;557;107;0.0010775149651006091
658;8;558;4.349999998964904E-5
659;558;109;4.3500000003859896E-5
660;109;558;4.3500000003859896E-5
661;558;8;4.349999998964904E-5
662;110;559;7.893351633625733E-5
663;559;111;7.893351632259712E-5
664;111;559;7.893351632259712E-5
665;559;110;7.893351633625733E-5
666;112;560;2.2000227272852567E-4
667;560;113;2.2000227271431498E-4
668;113;560;2.2000227271431498E-4
669;560;112;2.2000227272852567E-4
670;114;561;5.031165371980695E-4
671;561;115;5.031165371980695E-4
672;115;561;5.031165371980695E-4
673;561;114;5.031165371980695E-4
674;116;562;0.0013925833009225466
675;562;117;0.0013925833009225466
676;117;562;0.0013925833009225466
677;562;116;0.0013925833009225466
678;118;563;2.985167499515151E-4
679;563;119;2.9851674995274685E-4
680;119;563;2.9851674995274685E-4
681;563;118;2.985167499515151E-4
682;2;564;1.9168854947511664E-4
683;564;120;1.9168854947511664E-4
684;120;564;1.9168854947511664E-4
685;564;2;1.9168854947511664E-4
686;4;565;6.76498337027402E-5
687;565;121;6.76498337027402E-5
688;121;565;6.76498337027402E-5
689;565;4;6.76498337027402E-5
690;122;566;0.0010462122155577283
691;566;123;0.0010462122155715694
692;123;566;0.0010462122155715694
693;566;122;0.0010462122155577283
694;124;567;0.0010475096658250737
695;567;125;0.0010475096658250586
696;125;567;0.0010475096658250586
697;567;124;0.0010475096658250737
698;126;568;3.3650148588389395E-4
699;568;127;3.3650148588389395E-4
700;127;568;3.3650148588389395E-4
701;568;126;3.3650148588389395E-4
702;128;569;1.8256848029662255E-4
703;569;129;1.8256848031073078E-4
704;130;570;5.852349955420538E-5
705;570;131;5.852349955420538E-5
706;132;571;6.9238898027764E-4
707;571;133;6.923889802630138E-4
708;134;572;3.684053474064482E-4
709;572;135;3.684053474140328E-4
710;136;573;1.2317162821542653E-4
711;573;137;1.2317162822707934E-4
712;138;574;6.893890411069649E-4
713;574;139;6.893890411069649E-4
714;140;575;0.0018547286863574868
715;575;80;0.0018547286863574868
716;141;576;0.002126707372922526
717;576;142;0.00212670737290939
718;143;577;6.76239602464878E-5
719;577;144;6.76239602464878E-5
720;143;578;3.764339251386362E-4
721;578;145;3.7643392514937645E-4
722;134;579;0.003271910947749293
723;579;27;0.00327191094774693
724;146;580;5.067642449909139E-4
725;580;33;5.067642449918463E-4
726;147;581;0.0029161500732948595
727;581;148;0.0029161500732958812
728;149;582;4.325658909300879E-4
729;582;150;4.325658909300879E-4
730;41;583;3.224903099285464E-5
731;583;48;3.224903099285464E-5
732;48;583;3.224903099285464E-5
733;583;41;3.224903099285464E-5
734;151;584;2.998482949757111E-4
735;584;152;2.998482949777253E-4
736;113;585;0.0012860817431326534
737;585;153;0.0012860817431184436
738;154;586;9.9602811205767E-4
739;586;155;9.9602811205767E-4
740;89;587;0.0010818767258803231
741;587;156;0.0010818767258719542
742;157;588;8.918099573295682E-5
743;588;158;8.918099573295682E-5
744;159;589;5.269167391523363E-4
745;589;160;5.269167391523363E-4
746;161;590;4.3854304235223766E-4
747;590;88;4.3854304236688464E-4
748;57;591;0.0014946767208938781
749;591;162;0.0014946767209071746
750;163;592;0.0014692372170632768
751;592;164;0.0014692372170632768
752;55;593;2.531027459375488E-4
753;593;165;2.531027459388683E-4
754;165;594;6.819666414182655E-4
755;594;163;6.8196664140638E-4
756;166;595;3.7788688783789643E-4
757;595;167;3.7788688783789643E-4
758;168;596;8.830911617541785E-5
759;596;169;8.830911617716789E-5
760;170;597;8.76005136962233E-4
761;597;171;8.760051369764438E-4
762;61;598;1.7023586578426402E-4
763;598;172;1.7023586578727968E-4
764;131;599;3.248953677692123E-4
765;599;132;3.2489536778178746E-4
766;30;600;5.460203750763132E-4
767;600;173;5.460203750763132E-4
768;174;601;3.376584813052052E-4
769;601;56;3.376584813065888E-4
770;175;602;2.304821034281349E-4
771;602;176;2.304821034281349E-4
772;177;603;3.521324324679032E-4
773;603;178;3.52132432480328E-4
774;178;604;9.9467243351809E-4
775;604;179;9.9467243351809E-4
776;180;605;0.0013752492501405515
777;605;181;0.001375249250138729
778;182;606;3.660491770237005E-4
779;606;183;3.6604917702375873E-4
780;108;607;2.9774149857623628E-5
781;607;62;2.977414986693075E-5
782;62;607;2.977414986693075E-5
783;607;108;2.9774149857623628E-5
784;184;608;6.359402487623432E-4
785;608;185;6.359402487756502E-4
786;186;609;0.0017907951446163406
787;609;187;0.0017907951446187787
788;188;610;3.45579223868651E-5
789;610;189;3.455792238871558E-5
790;190;611;6.79670692316127E-4
791;611;191;6.796706923281807E-4
792;192;612;0.003034460248541502
793;612;193;0.003034460248544821
794;194;613;0.0012525801371658359
795;613;101;0.0012525801371574318
796;195;614;0.0017134214309375154
797;614;105;0.0017134214309410672
798;196;615;5.577017572095975E-4
799;615;197;5.57701757223128E-4
800;198;616;1.3640472865254083E-4
801;616;199;1.3640472865488493E-4
802;200;617;2.0500000005085894E-5
803;617;201;2.0500000005085894E-5
804;69;618;0.00248679879565087
805;618;202;0.002486798795638318
806;155;619;3.686142970578789E-4
807;619;203;3.6861429706992646E-4
808;204;620;0.005209042330403255
809;620;112;0.0052090423304032695
810;77;621;5.3481305141683356E-5
811;621;205;5.3481305141683356E-5
812;206;622;9.293115731585724E-4
813;622;207;9.29311573157525E-4
814;208;623;4.130980513235427E-4
815;623;209;4.130980513094126E-4
816;129;624;6.451743949628857E-5
817;624;7;6.451743951049559E-5
818;210;625;5.195086620987374E-4
819;625;58;5.19508662112948E-4
820;211;626;1.5890248575153047E-5
821;626;212;1.5890248588120587E-5
822;213;627;0.003140502547365861
823;627;172;0.003140502547365861
824;214;628;3.980078516818705E-4
825;628;215;3.980078516819598E-4
826;216;629;9.115137135564945E-4
827;629;217;9.115137135529419E-4
828;218;630;0.0010994007458639853
829;630;219;0.0010994007458580523
830;220;631;7.046561218050096E-4
831;631;221;7.046561218050096E-4
832;219;632;5.106784702767844E-4
833;632;220;5.106784702685614E-4
834;185;633;0.0020532659350381136
835;633;222;0.002053265935040104
836;223;634;5.044799302388259E-5
837;634;224;5.044799301289656E-5
838;225;635;0.001347302675723998
839;635;198;0.00134730267571554
840;23;636;2.1507673049400106E-4
841;636;145;2.1507673049642924E-4
842;226;637;1.1519223063668784E-4
843;637;227;1.1519223064742072E-4
844;228;638;2.0365289096367891E-4
845;638;229;2.0365289097828905E-4
846;230;639;2.9206163732510837E-5
847;639;151;2.9206163732510837E-5
848;231;640;5.632060013918809E-4
849;640;114;5.632060013918809E-4
850;232;641;7.010349491854032E-5
851;641;233;7.010349492064347E-5
852;234;642;3.572789526340675E-4
853;642;47;3.572789526480485E-4
854;6;643;6.120018382363646E-4
855;643;235;6.120018382221537E-4
856;236;644;4.700095743776381E-4
857;644;237;4.700095743634275E-4
858;238;645;1.590385173437222E-4
859;645;239;1.59038517343644E-4
860;169;646;2.652941763378402E-4
861;646;240;2.652941763476696E-4
862;241;647;2.4619606008350757E-4
863;647;242;2.4619606008350757E-4
864;242;648;0.0013100965613244146
865;648;166;0.0013100965613244146
866;176;649;8.293189977284163E-4
867;649;243;8.293189977304682E-4
868;183;650;2.714999999966494E-4
869;650;244;2.715000000108603E-4
870;245;651;1.5970284906676097E-4
871;651;196;1.5970284906676097E-4
872;135;652;9.676052914324226E-4
873;652;246;9.676052914295735E-4
874;247;653;3.269132147896612E-4
875;653;248;3.2691321477712015E-4
876;249;654;2.7250045870933913E-4
877;654;250;2.725004587235434E-4
878;251;655;3.093076947018402E-4
879;655;252;3.09307694703207E-4
880;67;656;9.820600796263677E-4
881;656;251;9.820600796263677E-4
882;253;657;2.984577021873406E-4
883;657;37;2.9845770219905375E-4
884;254;658;9.642427080393579E-4
885;658;74;9.642427080276854E-4
886;244;659;1.4503103115154754E-4
887;659;255;1.4503103116568188E-4
888;133;660;5.6612719410736345E-5
889;660;256;5.661271942429136E-5
890;257;661;0.0015581107149350354
891;661;81;0.0015581107149334622
892;258;662;6.563368037831958E-4
893;662;259;6.563368037914884E-4
894;260;663;5.257090450050424E-4
895;663;261;5.257090450050424E-4
896;262;664;4.2573289748646585E-4
897;664;223;4.2573289748882323E-4
898;263;665;0.0031676213473214683
899;665;264;0.0031676213473179316
900;265;666;9.1789609978999E-4
901;666;266;9.17896099776691E-4
902;160;667;7.548012983731098E-5
903;667;267;7.548012983731098E-5
904;268;668;6.440654081687958E-4
905;668;269;6.440654081687958E-4
906;270;669;0.004500216022602594
907;669;271;0.00450021602258876
908;272;670;0.003035214407588988
909;670;93;0.0030352144075810497
910;273;671;6.08647065218519E-4
911;671;274;6.08647065218519E-4
912;275;672;8.39597075989678E-4
913;672;276;8.395970759762896E-4
914;94;673;0.0035612336345727624
915;673;277;0.0035612336345618727
916;278;674;4.4419393286189207E-4
917;674;270;4.441939328758128E-4
918;279;675;0.0010880241265700163
919;675;280;0.0010880241265700163
920;281;676;2.656882571744271E-4
921;676;282;2.6568825717496197E-4
922;282;677;0.0013206253253657322
923;677;283;0.0013206253253657322
924;246;678;3.4817380714761226E-5
925;678;284;3.4817380720016205E-5
926;267;679;2.688201071237892E-4
927;679;285;2.688201071364302E-4
928;286;680;5.994372360660837E-5
929;680;287;5.9943723608475296E-5
930;201;681;9.810001274168938E-4
931;681;124;9.81000127416892E-4
932;288;682;4.1499999994698555E-5
933;682;289;4.1499999994698555E-5
934;290;683;7.50619910470384E-4
935;683;128;7.506199104705283E-4
936;291;684;5.042072986563728E-5
937;684;53;5.042072986517928E-5
938;292;685;4.468291060352214E-4
939;685;293;4.468291060331223E-4
940;293;686;2.18002293548415E-5
941;686;294;2.18002293548415E-5
942;240;687;7.514153312403621E-5
943;687;295;7.514153311911907E-5
944;296;688;3.2117168304984767E-4
945;688;297;3.2117168306207644E-4
946;298;689;5.39138433055119E-4
947;689;299;5.391384330661532E-4
948;274;690;3.919811857832801E-4
949;690;300;3.919811857686652E-4
950;24;691;0.001058881603390677
951;691;301;0.0010588816033883285
952;302;692;1.0065783626179776E-4
953;692;303;1.0065783626179776E-4
954;304;693;9.803073497575885E-4
955;693;305;9.803073497595437E-4
956;306;694;8.435717219083274E-4
957;694;307;8.435717219083274E-4
958;308;695;4.225792825034057E-4
959;695;309;4.225792825013964E-4
960;310;696;0.00119871034867115
961;696;9;0.00119871034866345
962;222;697;1.5921133753626365E-4
963;697;311;1.5921133753836123E-4
964;309;698;6.032000082803585E-4
965;698;312;6.032000082938578E-4
966;312;699;0.002819549609428261
967;699;313;0.0028195496094188463
968;212;700;1.4741099009105995E-4
969;700;161;1.4741099009209628E-4
970;314;701;6.425778162985008E-4
971;701;247;6.42577816297453E-4
972;315;702;0.0010780223791744244
973;702;316;0.001078022379177181
974;317;703;7.473809269749864E-4
975;703;154;7.473809269621804E-4
976;318;704;0.002349902232007801
977;704;214;0.002349902232007669
978;199;705;5.347534478557892E-4
979;705;319;5.347534478664988E-4
980;320;706;0.002007668361559097
981;706;216;0.0020076683615589132
982;321;707;0.0015292198174160707
983;707;322;0.0015292198174252103
984;26;708;5.013025533623632E-4
985;708;323;5.01302553353873E-4
986;324;709;0.0011894335836888266
987;709;177;0.0011894335836877736
988;31;710;3.0236773968320846E-4
989;710;325;3.0236773968320846E-4
990;36;711;7.27614767571461E-4
991;711;326;7.276147675847225E-4
992;42;712;0.001232142240168358
993;712;304;0.001232142240168358
994;327;713;8.124435364982158E-4
995;713;328;8.124435364965826E-4
996;44;714;8.405072872984334E-4
997;714;329;8.405072873005532E-4
998;330;715;0.0011504982616240078
999;715;331;0.0011504982616254839
1000;152;716;4.830372656669405E-5
1001;716;332;4.8303726564597896E-5
1002;271;717;0.0012545359699921905
1003;717;333;0.0012545359699922174
1004;239;718;3.8000000003535206E-5
1005;718;51;3.8000000003535206E-5
1006;234;719;3.0554091378670774E-4
1007;719;334;3.0554091378670774E-4
1008;123;720;3.647259245616598E-5
1009;720;39;3.647259244428224E-5
1010;39;720;3.647259244428224E-5
1011;720;123;3.647259245616598E-5
1012;335;721;1.4430869689623872E-4
1013;721;336;1.4430869689847903E-4
1014;337;722;0.0033819781563463403
1015;722;338;0.0033819781563463403
1016;173;723;2.433644386479677E-4
1017;723;211;2.4336443866151495E-4
1018;339;724;4.728900506541354E-5
1019;724;257;4.728900506541354E-5
1020;340;725;5.882601464201515E-5
1021;725;339;5.882601465542252E-5
1022;341;726;3.654069648953655E-4
1023;726;342;3.654069649073827E-4
1024;294;727;1.1084335794073846E-4
1025;727;68;1.1084335795439245E-4
1026;343;728;3.6523040673864366E-4
1027;728;327;3.652304067265429E-4
1028;202;729;5.6435804227801105E-5
1029;729;254;5.6435804241902225E-5
1030;16;730;2.3987757293533274E-4
1031;730;72;2.398775729435674E-4
1032;72;730;2.398775729435674E-4
1033;730;16;2.3987757293533274E-4
1034;255;731;4.700023936180013E-4
1035;731;344;4.700023936037905E-4
1036;345;732;0.001652712694336164
1037;732;302;0.0016527126943249807
1038;346;733;0.0015477600750745963
1039;733;347;0.0015477600750785927
1040;348;734;0.0015557274825663825
1041;734;349;0.0015557274825562248
1042;350;735;3.600000000858472E-5
1043;735;288;3.5999999994373866E-5
1044;351;736;5.6579589958219174E-5
1045;736;352;5.6579589961704104E-5
1046;84;737;4.823121396228743E-5
1047;737;351;4.823121395801515E-5
1048;353;738;5.049438087476858E-4
1049;738;298;5.049438087598965E-4
1050;298;739;0.0012359070555643839
1051;739;85;0.0012359070555643839
1052;269;740;2.1108351428444254E-4
1053;740;159;2.1108351427097787E-4
1054;354;741;4.4085428431746857E-4
1055;741;355;4.4085428431783524E-4
1056;356;742;6.5220012265922E-4
1057;742;357;6.522001226626737E-4
1058;358;743;0.002185171846790646
1059;743;359;0.002185171846788409
1060;358;744;7.181866052781459E-4
1061;744;337;7.181866052781459E-4
1062;360;745;1.4050800689753958E-4
1063;745;104;1.4050800688423978E-4
1064;361;746;7.965707752845649E-5
1065;746;362;7.965707752522298E-5
1066;171;747;4.240663273688626E-4
1067;747;363;4.2406632735459115E-4
1068;97;748;8.902409786130586E-4
1069;748;265;8.902409786130586E-4
1070;364;749;7.01843643553564E-4
1071;749;365;7.01843643553564E-4
1072;283;750;2.2556706319761828E-4
1073;750;366;2.2556706320116991E-4
1074;367;751;5.628187985383913E-4
1075;751;228;5.628187985520007E-4
1076;285;752;5.460203750763132E-4
1077;752;146;5.460203750773119E-4
1078;368;753;0.001916953963967362
1079;753;369;0.001916953963980613
1080;370;754;4.5742321759538923E-4
1081;754;371;4.574232176087481E-4
1082;295;755;1.268562178225549E-4
1083;755;372;1.2685621782567753E-4
1084;287;756;4.341946567763898E-5
1085;756;253;4.341946568925785E-5
1086;373;757;2.1104798033402144E-4
1087;757;374;2.110479803198138E-4
1088;299;758;7.937487007924363E-4
1089;758;296;7.937487007793848E-4
1090;162;759;6.968337319588092E-4
1091;759;375;6.968337319588092E-4
1092;376;760;5.912909604825636E-5
1093;760;377;5.912909604825636E-5
1094;378;761;2.430951459807755E-4
1095;761;379;2.430951459807755E-4
1096;325;762;2.3492392386542223E-4
1097;762;29;2.349239238516907E-4
1098;217;763;0.0018542842284831973
1099;763;380;0.001854284228483726
1100;381;764;0.0022189918882219066
1101;764;382;0.0022189918882219066
1102;227;765;0.0012859566477929547
1103;765;144;0.0012859566477952434
1104;383;766;0.001269658713984007
1105;766;226;0.0012696587139863044
1106;384;767;0.0013759193290366174
1107;767;385;0.0013759193290284065
1108;28;768;0.003035642436124858
1109;768;386;0.003035642436124858
1110;387;769;2.585207921998455E-4
1111;769;367;2.585207921998455E-4
1112;388;770;3.68744491485834E-4
1113;770;389;3.68744491485834E-4
1114;150;771;1.7347694370883993E-4
1115;771;43;1.7347694372096378E-4
1116;332;772;5.402314318645161E-5
1117;772;390;5.4023143184643125E-5
1118;391;773;1.4853029993365074E-4
1119;773;333;1.4853029993365074E-4
1120;392;774;5.28002130680267E-4
1121;774;393;5.28002130680267E-4
1122;52;775;9.610421426801605E-4
1123;775;394;9.610421426801272E-4
1124;394;776;4.7550657197722025E-4
1125;776;395;4.755065719914123E-4
1126;120;777;1.0120894229354515E-4
1127;777;396;1.0120894229354515E-4
1128;397;778;7.12694184065726E-4
1129;778;356;7.12694184065726E-4
1130;377;779;1.1486513830884943E-4
1131;779;398;1.1486513831961288E-4
1132;158;780;6.107339846487673E-4
1133;780;399;6.107339846379823E-4
1134;22;781;0.0014809052974465659
1135;781;346;0.0014809052974436355
1136;240;782;9.996124248954151E-5
1137;782;167;9.996124248954151E-5
1138;400;783;7.735000000081982E-4
1139;783;170;7.734999999939873E-4
1140;207;784;5.596128125753394E-4
1141;784;401;5.596128125743077E-4
1142;402;785;7.47516722211513E-4
1143;785;403;7.475167222242097E-4
1144;404;786;4.046652937894559E-4
1145;786;405;4.046652937894559E-4
1146;406;787;9.880409910878781E-5
1147;787;407;9.880409909733545E-5
1148;349;788;0.0014999068304408843
1149;788;408;0.0014999068304382896
1150;250;789;1.5005332386021415E-4
1151;789;210;1.5005332384600837E-4
1152;409;790;3.814383960671495E-4
1153;790;118;3.8143839608170726E-4
1154;410;791;7.915579574502358E-4
1155;791;230;7.915579574482609E-4
1156;411;792;3.083005838474348E-4
1157;792;241;3.083005838474348E-4
1158;179;793;2.3548938404941065E-4
1159;793;412;2.3548938405045915E-4
1160;342;794;9.83478011959712E-4
1161;794;35;9.83478011959712E-4
1162;395;795;7.700233762713833E-4
1163;795;182;7.700233762571451E-4
1164;413;796;5.31610994998447E-4
1165;796;25;5.31610994998447E-4
1166;319;797;0.0013865201945908547
1167;797;194;0.0013865201945823338
1168;414;798;0.0015816428168174662
1169;798;258;0.0015816428168174662
1170;73;799;0.0032460329634765735
1171;799;415;0.0032460329634849978
1172;224;800;2.2830790612309474E-4
1173;800;381;2.2830790613439204E-4
1174;315;801;1.6216812264091776E-4
1175;801;407;1.6216812263562707E-4
1176;416;802;6.591646228396856E-4
1177;802;388;6.591646228383004E-4
1178;156;803;5.014521412943407E-4
1179;803;417;5.014521412836285E-4
1180;418;804;0.001506891585349577
1181;804;206;0.0015068915853479795
1182;338;805;5.561600489084682E-4
1183;805;95;5.561600489032301E-4
1184;419;806;4.040324863162942E-4
1185;806;360;4.040324863175604E-4
1186;405;807;0.0016411995612975634
1187;807;192;0.0016411995612975634
1188;380;808;4.294429531382888E-4
1189;808;420;4.294429531382888E-4
1190;153;809;9.166969237312496E-4
1191;809;99;9.166969237455311E-4
1192;421;810;7.631284295572773E-4
1193;810;281;7.63128429557538E-4
1194;197;811;4.0249378876712147E-4
1195;811;324;4.0249378876817184E-4
1196;167;812;6.946221994213877E-5
1197;812;295;6.946221995523214E-5
1198;331;813;9.9202469726976E-4
1199;813;422;9.9202469726976E-4
1200;377;814;5.49653754640315E-4
1201;814;423;5.496537546545218E-4
1202;423;815;8.819824261386587E-4
1203;815;291;8.819824261240205E-4
1204;109;816;1.9150261094794178E-4
1205;816;373;1.9150261094792322E-4
1206;75;817;6.434660053216131E-4
1207;817;424;6.434660053216131E-4
1208;98;818;0.0032261472765459133
